00 00 00 00 00 00 00 00
00 00 00 00 00 00 00 00
00 00 00 00 00 00 00 00
00 00 00 00 00 00 00 00
00 00 00 00 00 00 00 00
00 00 00 00 00 00 00 00
00 00 00 00 00 00 00 00
00 00 00 00 00 00 00 00
00 00 00 00 00 00 00 00
00 00 00 00 00 00 00 00
00 00 00 00 00 00 00 00
87 19 40 00 00 00 00 00
7c d8 2f 79 00 00 00 00
5e 19 40 00 00 00 00 00
7a 19 40 00 00 00 00 00
bb 19 40 00 00 00 00 00
87 19 40 00 00 00 00 00
6b 97 30 79 00 00 00 00
5e 19 40 00 00 00 00 00
7a 19 40 00 00 00 00 00
87 19 40 00 00 00 00 00
cf f9 2e 79 00 00 00 00
5e 19 40 00 00 00 00 00
69 16 40 00 00 00 00 00