20 20 29 4
0 1 1
0 2 1
0 3 1
0 4 1
0 5 1
0 6 1
1 0 1
1 2 1
1 3 1
1 4 1
1 5 1
1 6 1
2 0 1
3 0 1
4 0 1
5 0 1
6 0 1
6 1 1
6 2 1
6 3 1
6 4 1
6 5 1
6 6 1
1 6 1
2 6 1
3 6 1
4 6 1
5 6 1
6 6 1
2 2 4
./bomber 1000 20 20
19 19 4
./bomber 1000 20 20
7 0 4
./bomber 1000 20 20
3 3 4
./bomber 1000 20 20
12 12 4
./bomber 1000 20 20
10 10 4
./bomber 1000 20 20
19 16 4
./bomber 1000 20 20
3 3 4
./bomber 1000 20 20
0 16 4
./bomber 1000 20 20
5 8 4
./bomber 1000 20 20
11 7 4
./bomber 1000 20 20
16 19 4
./bomber 1000 20 20

