40 40 3 24
0 1 1
19 18 1
18 19 1
0 0 4
./bomber 1000 40 40
19 19 4
./bomber 1000 40 40
7 7 4
./bomber 1000 40 40
3 3 4
./bomber 1000 40 40
12 12 4
./bomber 1000 40 40
10 10 4
./bomber 1000 40 40
16 0 4
./bomber 1000 40 40
3 3 4
./bomber 1000 40 40
0 16 4
./bomber 1000 40 40
5 8 4
./bomber 1000 40 40
11 7 4
./bomber 1000 40 40
16 16 4
./bomber 1000 40 40
20 30 4
./bomber 1000 40 40
19 30 4
./bomber 1000 40 40
15 30 4
./bomber 1000 40 40
28 12 4
./bomber 1000 40 40
35 12 4
./bomber 1000 40 40
36 10 4
./bomber 1000 40 40
37 0 4
./bomber 1000 40 40
38 3 4
./bomber 1000 40 40
39 16 4
./bomber 1000 40 40
35 28 4
./bomber 1000 40 40
21 37 4
./bomber 1000 40 40
36 16 4
./bomber 1000 40 40

