20 20 200 10
0 0 1
1 0 1
2 0 1
3 0 1
4 0 1
5 0 1
6 0 1
7 0 1
8 0 1
9 0 1
10 0 1
11 0 1
12 0 1
13 0 1
14 0 1
15 0 1
16 0 1
17 0 1
18 0 1
19 0 1
0 2 1
1 2 1
2 2 1
3 2 1
4 2 1
5 2 1
6 2 1
7 2 1
8 2 1
9 2 1
10 2 1
11 2 1
12 2 1
13 2 1
14 2 1
15 2 1
16 2 1
17 2 1
18 2 1
19 2 1
0 4 1
1 4 1
2 4 1
3 4 1
4 4 1
5 4 1
6 4 1
7 4 1
8 4 1
9 4 1
10 4 1
11 4 1
12 4 1
13 4 1
14 4 1
15 4 1
16 4 1
17 4 1
18 4 1
19 4 1
0 6 1
1 6 1
2 6 1
3 6 1
4 6 1
5 6 1
6 6 1
7 6 1
8 6 1
9 6 1
10 6 1
11 6 1
12 6 1
13 6 1
14 6 1
15 6 1
16 6 1
17 6 1
18 6 1
19 6 1
0 8 1
1 8 1
2 8 1
3 8 1
4 8 1
5 8 1
6 8 1
7 8 1
8 8 1
9 8 1
10 8 1
11 8 1
12 8 1
13 8 1
14 8 1
15 8 1
16 8 1
17 8 1
18 8 1
19 8 1
0 10 1
1 10 1
2 10 1
3 10 1
4 10 1
5 10 1
6 10 1
7 10 1
8 10 1
9 10 1
10 10 1
11 10 1
12 10 1
13 10 1
14 10 1
15 10 1
16 10 1
17 10 1
18 10 1
19 10 1
0 12 1
1 12 1
2 12 1
3 12 1
4 12 1
5 12 1
6 12 1
7 12 1
8 12 1
9 12 1
10 12 1
11 12 1
12 12 1
13 12 1
14 12 1
15 12 1
16 12 1
17 12 1
18 12 1
19 12 1
0 14 1
1 14 1
2 14 1
3 14 1
4 14 1
5 14 1
6 14 1
7 14 1
8 14 1
9 14 1
10 14 1
11 14 1
12 14 1
13 14 1
14 14 1
15 14 1
16 14 1
17 14 1
18 14 1
19 14 1
0 16 1
1 16 1
2 16 1
3 16 1
4 16 1
5 16 1
6 16 1
7 16 1
8 16 1
9 16 1
10 16 1
11 16 1
12 16 1
13 16 1
14 16 1
15 16 1
16 16 1
17 16 1
18 16 1
19 16 1
0 18 1
1 18 1
2 18 1
3 18 1
4 18 1
5 18 1
6 18 1
7 18 1
8 18 1
9 18 1
10 18 1
11 18 1
12 18 1
13 18 1
14 18 1
15 18 1
16 18 1
17 18 1
18 18 1
19 18 1
0 1 4
./bomber 1000 20 20
3 3 4
./bomber 1000 20 20
5 5 4
./bomber 1000 20 20
7 7 4
./bomber 1000 20 20
9 9 4
./bomber 1000 20 20
11 11 4
./bomber 1000 20 20
13 13 4
./bomber 1000 20 20
15 15 4
./bomber 1000 20 20
17 17 4
./bomber 1000 20 20
19 19 4
./bomber 1000 20 20

